1 name_1: 56 64
2 name_2: 53 66
3 name_3: 65 64
4 name_4: 74 78
5 name_5: 82 57
6 name_6: 32 88
7 name_7: 66 31
8 name_8: 34 98
9 name_9: 51 62
10 name_10: 53 38
11 name_11: 65 86
12 name_12: 43 40
13 name_13: 52 42
14 name_14: 52 33
15 name_15: 95 47
16 name_16: 79 97
17 name_17: 36 69
18 name_18: 52 48
19 name_19: 36 98
20 name_20: 75 67
21 name_21: 86 73
22 name_22: 36 65
23 name_23: 100 65
24 name_24: 69 82
25 name_25: 76 96
26 name_26: 92 60
27 name_27: 67 64
28 name_28: 42 62
29 name_29: 90 70
30 name_30: 72 75
31 name_31: 99 30
32 name_32: 64 54
33 name_33: 71 98
34 name_34: 67 55
35 name_35: 46 62
36 name_36: 49 89
37 name_37: 37 43
38 name_38: 46 73
39 name_39: 87 73
40 name_40: 62 87
