尋夢環遊記 9.1 105 196098
至暗時刻 8.6 125 26270
綠地黃花 8.2 103 578
日常對話 8.1 88 1532
方法派 6.8 82 5844
火車司機日記 7.7 85 401
奪金四賤客 7.0 96 2293
真白之戀 7.5 97 345
川流之島 7.1 98 507
泥土之界 7.2 134 204
王牌特工2 7.1 141 132995
英倫對決 7.2 113 70422
光 6.8 101 424
精靈寶可夢 9.9 99 36
小丑回魂 7.4 135 38377
我能說 8.8 119 12825
晝顏 6.5 125 3813
忌日快樂 7.3 96 23408
尋夢環遊記 9.1 119 200490
至愛梵高·星空之謎 8.6 120 5726
家族之苦2 8.5 86 7783
春宵苦短，少女前進吧！ 8.7 98 21626
小丑回魂 7.4 140 38511
我能說 8.8 66 12965
銀翼殺手2049 8.5 78 106852
王牌特工2：黃金圈 7.1 86 133659
天才槍手 8.2 115 196847
小戲骨：紅樓夢之劉姥姥進大觀園 9.2 162 17973
生存家族 8.1 78 16089
鬼魅浮生 7.5 98 15813
等待 7.4 75 632
丟羊 7.1 86 600
小戲骨：放開那三國 8.2 122 2613
人生密密縫 8.4 180 16112